(66)1 1443 32(6)2 
223 3663 31(6)1--
(66)1 1443 32(6)2 
23 #236 5-4
(66)1 1443 32(6)2 
223 366 33 (6)1--
(66)1 1443 34(6)2
243 #236 5-4

654-3 2222 26-5 
543-2 111(6) 15-4
441 1(46) (5)2
2 2224 242 444465-5

1654 5 6156 156 
556#6 653 4(6)24 (6)23
336#7 643 2#6#6 
#7#66 166 #664 (7)55
546 546 5-46156 156 556#6 #754 4(6)24 (6)23 
336#7 643 2#6#6 
#7#66 166 #664 (7)55--
6446 54---

---------------------------------------
(66)11 443 32(6)2 
2233 663-3 (6)1 2-1
(66)11 445 34(6)2 
243 #236 5-4

654-3 2222 26-5 
653-2 111(6) 15-4
4411 (46) (5)2
2 2224 242 4444 65-5

1654 5 6156 156 
556#6 653 4(6)24 (6)23
336#7 643 2#6#6 
#7#66 166 #664 (7)55
546 546 5-46156 156 556#6 #754 4(6)24 (6)43 
336#7 6-43 2#6#6 
#7#66 166 #664 (7)55-- 64--- 
6446 54---